[?25l[0m                                                            [0m
                           [38;2;74;69;68m⢀[7m[38;2;48;44;41m⠋[0m[38;2;75;69;66m⠖[38;2;81;76;73m⠒[7m[38;2;50;47;45m⣈[38;2;59;54;51m⠙[0m[38;2;66;60;54m⣀[0m                          [0m
                          [7m[38;2;63;58;54m⠋[38;2;56;50;46m⢠[0m    [38;2;73;72;71m⠈[7m[38;2;58;55;53m⡀[38;2;64;57;52m⠙[0m                         [0m
                        [38;2;48;47;46m⢀[7m[38;2;64;60;58m⠃[0m[38;2;76;67;60m⠏[0m       [7m[38;2;51;48;47m⡄[38;2;67;60;56m⠘[0m                        [0m
          [38;2;70;67;65m⣀[7m[38;2;47;42;40m⠛[38;2;48;45;42m⠋[38;2;50;46;44m⠉[38;2;48;45;42m⠙[0m[38;2;79;73;70m⣤[38;2;81;74;70m⣄[38;2;73;67;63m⣀[0m      [7m[38;2;63;59;57m⠃[38;2;57;51;47m⢠[0m         [7m[38;2;63;60;58m⡄[38;2;61;54;50m⠘[0m      [38;2;70;66;64m⣀[38;2;84;75;71m⣀[38;2;73;67;64m⣤[38;2;81;72;67m⠤[38;2;80;72;68m⠤[38;2;71;65;61m⢤[7m[38;2;53;48;45m⠛[0m[38;2;71;63;58m⣀[0m         [0m
         [7m[38;2;62;59;58m⠁[38;2;58;51;46m⢰[0m     [38;2;74;72;71m⠈[38;2;74;70;68m⠙[7m[38;2;44;41;39m⣄[38;2;55;51;49m⣈[38;2;53;48;46m⠙[0m[38;2;73;66;61m⣄[38;2;63;59;55m⡀[0m [7m[38;2;69;61;56m⢀[0m          [38;2;64;62;61m⠘[38;2;69;63;59;48;2;73;66;62m⢇[0m[38;2;78;69;63m⡄[38;2;78;73;70m⢀[38;2;77;71;68m⣠[7m[38;2;49;45;42m⠋[0m[38;2;80;73;68m⠖[38;2;77;71;67m⠛[38;2;82;75;71m⠉[0m     [38;2;68;65;65m⠈[38;2;65;61;57;48;2;71;67;64m⢰[0m[38;2;81;69;60m⡆[0m        [0m
         [38;2;78;75;74;48;2;64;60;57m⠂[0m[7m[38;2;54;48;43m⢸[0m         [38;2;54;51;50m⠈[38;2;76;72;70m⠉[7m[38;2;48;46;45m⣄[0m[38;2;64;59;55;48;2;67;62;59m⠁[0m[7m[38;2;64;57;53m⠘[0m[38;2;82;74;70m⡀[0m         [38;2;66;63;62m⣀[38;2;71;69;68;48;2;65;63;60m⠂[38;2;74;67;61;48;2;70;63;58m⢀[0m[38;2;73;67;63m⠋[38;2;70;61;55m⠉[0m          [38;2;71;70;69;48;2;73;68;65m⠂[0m[7m[38;2;56;50;45m⢸[0m        [0m
         [38;2;64;61;60m⠸[38;2;62;60;56;48;2;71;65;61m⠂[0m[38;2;80;70;63m⡀[0m          [38;2;67;66;66m⢰[38;2;74;67;62;48;2;70;64;60m⢀[0m[38;2;75;71;68m⠉[38;2;75;68;65m⠛[7m[38;2;64;58;55m⡈[38;2;54;49;46m⠙[0m[38;2;71;65;59m⣀[0m   [38;2;68;66;65m⣀[7m[38;2;58;54;50m⠋[38;2;52;48;45m⣀[0m[38;2;78;70;65m⠋[38;2;68;66;65m⠹[38;2;70;64;58;48;2;72;65;59m⠧[0m           [7m[38;2;45;43;43m⠇[38;2;70;63;58m⢀[0m         [0m
          [38;2;70;67;66m⠹[7m[38;2;71;65;61m⠈[0m[38;2;85;73;65m⡀[0m         [7m[38;2;57;55;54m⠇[38;2;61;54;49m⢰[0m   [38;2;61;60;59m⠉[38;2;69;64;62m⠻[7m[38;2;66;61;58m⠈[38;2;57;52;49m⠋[38;2;71;65;61m⢁[0m[38;2;81;72;66m⠋[38;2;69;66;63m⠁[0m   [38;2;71;70;71;48;2;68;64;62m⠁[0m[7m[38;2;50;44;40m⢸[0m         [7m[38;2;42;40;39m⠏[38;2;68;61;57m⢀[0m[38;2;73;66;60m⠁[0m         [0m
           [38;2;67;64;63m⠹[38;2;71;65;62;48;2;67;61;58m⢀[0m[38;2;73;64;58m⣄[0m        [38;2;82;80;80;48;2;72;68;65m⠂[0m[38;2;82;71;63m⠇[0m   [7m[38;2;42;39;37m⠟[38;2;66;60;56m⢁[38;2;47;43;41m⣠[0m[38;2;72;68;65m⠙[7m[38;2;59;55;52m⣀[38;2;61;56;52m⠉[0m[38;2;72;62;56m⣄[0m   [7m[38;2;57;55;53m⡄[38;2;62;55;50m⠘[0m        [7m[38;2;52;48;47m⠏[38;2;64;58;53m⢀[0m[38;2;61;54;49m⠁[0m          [0m
             [38;2;70;68;68;48;2;72;66;62m⠄[0m[7m[38;2;59;54;50m⠙[0m[38;2;79;72;68m⡤[38;2;79;74;71m⠤[38;2;70;64;60m⠴[38;2;71;65;62m⠖[38;2;79;76;75m⠒[38;2;83;78;75m⠒[0m [38;2;76;75;76;48;2;69;62;58m⠁[0m[38;2;68;61;56m⠋[0m [38;2;64;60;57;48;2;73;68;65m⠂[0m[7m[38;2;60;56;52m⣠[38;2;50;47;44m⠴[38;2;52;48;46m⠖[38;2;52;49;47m⠒[38;2;60;56;52m⠒[38;2;56;52;49m⠒[38;2;54;50;48m⠲[38;2;57;54;52m⢄[38;2;68;63;60m⡀[38;2;65;58;54m⠠[0m [7m[38;2;59;56;55m⡄[0m[38;2;63;58;54;48;2;67;60;56m⠈[0m[38;2;78;71;67m⠒[38;2;82;73;69m⠒[38;2;73;66;63m⠲[38;2;77;74;72m⠤[38;2;80;73;69m⠤[38;2;80;73;68m⢤[38;2;72;68;66m⣤[7m[38;2;64;60;58m⠃[38;2;67;60;55m⠰[0m[38;2;78;73;70m⡀[0m           [0m
     [38;2;55;53;52m⢀[38;2;77;73;70m⣀[38;2;82;77;75m⠤[38;2;73;70;67m⠔[38;2;84;77;73m⠒[38;2;72;67;65m⠋[38;2;81;75;72m⠉[38;2;71;66;64m⠁[0m [38;2;71;69;68m⠹[7m[38;2;69;64;59m⠈[0m[38;2;73;65;60m⣄[0m    [38;2;81;77;76m⢰[38;2;79;73;69;48;2;71;65;61m⠂[0m[7m[38;2;58;53;49m⠋[38;2;59;55;53m⡠[38;2;60;56;53m⠊[0m[38;2;67;64;62;48;2;65;61;58m⠁[38;2;64;60;57;48;2;63;58;54m⠱[38;2;76;70;65;48;2;66;61;57m⠄[38;2;68;65;60;48;2;63;59;55m⡄[38;2;59;54;50;48;2;66;60;54m⠁[0m[38;2;76;68;63m⠁[7m[38;2;46;44;42m⠛[38;2;52;48;46m⠒[38;2;62;58;54m⠢[0m[38;2;73;67;61;48;2;69;65;62m⠁[38;2;72;63;56;48;2;70;64;60m⠁[0m[7m[38;2;66;61;58m⠁[0m[38;2;65;60;56;48;2;71;63;58m⠄[0m     [7m[38;2;46;44;42m⠏[38;2;62;57;53m⢀[0m[38;2;61;56;51m⠋[38;2;51;47;45m⠉[38;2;79;72;68m⠉[38;2;75;68;64m⠙[38;2;79;72;68m⠓[7m[38;2;51;47;45m⣉[38;2;47;44;42m⠙[38;2;49;45;42m⠛[0m[38;2;77;70;65m⣀[0m     [0m
  [38;2;85;81;80m⢀[7m[38;2;53;48;45m⠋[0m[38;2;79;73;69m⠞[38;2;78;73;70m⠉[0m         [38;2;75;74;75m⠈[7m[38;2;56;52;50m⡀[38;2;62;55;51m⠙[0m[38;2;78;68;61m⡀[0m [38;2;72;67;64m⢀[7m[38;2;62;59;56m⠃[0m[38;2;74;65;62;48;2;68;61;57m⠂[0m [38;2;69;67;68;48;2;64;59;56m⠁[38;2;67;63;59;48;2;64;60;56m⡂[38;2;65;60;56;48;2;62;57;53m⡂[38;2;70;66;63;48;2;64;59;55m⠈[38;2;66;62;58;48;2;63;58;54m⠃[38;2;65;61;57;48;2;62;57;53m⠛[38;2;67;62;57;48;2;64;59;55m⣏[0m[7m[38;2;58;52;49m⠘[38;2;48;46;44m⢄[0m[38;2;71;63;60;48;2;65;60;57m⠂[38;2;69;64;59;48;2;65;60;56m⠄[38;2;79;72;67;48;2;64;59;55m⠁[0m[7m[38;2;71;64;58m⠁[38;2;57;53;51m⠆[0m[38;2;63;59;55;48;2;69;63;58m⠂[0m[7m[38;2;59;53;49m⠙[0m[38;2;85;74;66m⡀[0m [38;2;72;71;71m⢀[7m[38;2;63;57;54m⠁[0m[38;2;78;69;63m⠋[0m        [38;2;50;48;47m⠈[38;2;78;73;71m⠉[7m[38;2;49;45;43m⣄[38;2;62;57;54m⡉[38;2;46;41;37m⠻[0m  [0m
 [38;2;75;74;74m⢠[38;2;70;68;68;48;2;76;68;63m⠁[0m[38;2;91;82;75m⠁[0m             [38;2;72;69;69m⠙[38;2;74;65;57;48;2;68;63;60m⠁[0m[7m[38;2;66;60;57m⠉[38;2;52;47;43m⢠[38;2;47;45;43m⡆[0m[38;2;68;63;59;48;2;70;62;58m⢀[38;2;53;53;52;48;2;60;57;55m⠁[38;2;67;63;58;48;2;62;57;53m⠘[38;2;68;61;54;48;2;61;56;53m⠠[38;2;65;61;57;48;2;62;57;53m⢃[38;2;63;59;55;48;2;60;56;52m⢩[38;2;59;55;51;48;2;62;57;53m⠹[38;2;67;63;59;48;2;64;59;55m⠐[48;2;63;58;54m⢃[38;2;69;64;60;48;2;64;59;54m⡐[38;2;47;44;42;48;2;63;57;53m⠈[0m[7m[38;2;44;41;39m⢂[0m[38;2;60;54;49;48;2;64;60;58m⢐[38;2;66;60;57;48;2;63;58;54m⢐[38;2;70;66;63;48;2;65;60;56m⠆[38;2;59;57;56;48;2;71;66;62m⠈[38;2;76;68;62;48;2;70;63;58m⠤[0m[38;2;75;70;67m⠙[7m[38;2;66;62;58m⡀[38;2;66;61;57m⠉[38;2;61;55;51m⢠[0m[38;2;68;63;59m⠁[0m             [7m[38;2;59;56;54m⡄[38;2;60;52;47m⠘[0m [0m
 [38;2;69;69;70m⠈[7m[38;2;58;55;52m⡀[38;2;65;58;54m⠘[0m[38;2;89;81;75m⡀[0m           [38;2;78;76;76m⢀[7m[38;2;64;59;55m⠋[38;2;50;46;42m⣠[0m[38;2;69;65;64m⠙[7m[38;2;65;60;56m⡈[38;2;63;58;55m⠃[0m[38;2;84;77;73;48;2;67;59;55m⢀[0m[7m[38;2;57;54;52m⡀[0m[38;2;67;63;59;48;2;63;59;55m⠐[38;2;64;59;55;48;2;60;56;52m⠧[48;2;60;55;51m⢈[38;2;64;60;55;48;2;61;56;52m⠘[38;2;64;60;56;48;2;62;57;53m⠐[38;2;58;53;49m⢠[38;2;64;60;56;48;2;59;54;50m⠉[38;2;65;60;56;48;2;60;56;52m⠈[38;2;60;55;51;48;2;64;59;54m⡆[0m[7m[38;2;55;49;44m⢸[38;2;49;47;46m⡄[0m[38;2;66;63;62;48;2;64;59;55m⠄[38;2;66;61;58;48;2;63;58;53m⠭[38;2;50;50;49;48;2;61;56;53m⠠[38;2;62;59;54;48;2;66;61;56m⠂[0m[7m[38;2;62;57;53m⠉[38;2;50;47;44m⣠[0m[38;2;68;64;63m⠙[7m[38;2;66;61;57m⡀[38;2;53;48;44m⠙[0m            [38;2;60;57;55m⣠[7m[38;2;64;59;55m⢁[0m[38;2;78;67;60m⠃[0m [0m
   [38;2;86;82;80m⠈[38;2;76;70;67m⠛[7m[38;2;51;47;44m⣈[38;2;50;46;43m⠙[0m[38;2;81;74;70m⣀[38;2;73;66;62m⡀[0m      [7m[38;2;51;48;46m⠋[38;2;61;56;52m⢠[0m[38;2;85;74;66m⠁[0m   [7m[38;2;52;50;49m⡆[0m[38;2;65;62;61;48;2;67;60;56m⢀[0m[7m[38;2;57;53;49m⠃[38;2;65;59;56m⠢[38;2;56;52;49m⡀[0m[38;2;62;57;54;48;2;66;61;58m⠅[38;2;68;61;58;48;2;65;61;56m⢀[38;2;68;62;59;48;2;63;57;53m⢀[38;2;62;57;53;48;2;65;60;56m⠄[38;2;78;70;66;48;2;66;61;57m⢀[0m[7m[38;2;55;50;46m⢀[0m[38;2;69;61;55m⠛[38;2;70;69;69m⢀[7m[38;2;62;59;57m⠁[0m[38;2;63;57;53;48;2;66;60;56m⡶[0m[7m[38;2;67;62;58m⠠[38;2;62;59;57m⠃[0m[38;2;85;71;61;48;2;70;64;58m⢀[0m[38;2;79;69;63m⠁[0m   [7m[38;2;45;42;41m⣄[38;2;68;63;59m⠈[0m[38;2;64;58;53m⣄[0m       [38;2;82;75;70m⣀[38;2;89;83;79m⠤[38;2;81;76;73m⠚[38;2;84;76;72m⠉[0m   [0m
       [38;2;68;66;65m⠉[38;2;81;75;71m⠉[38;2;78;72;68m⠛[38;2;84;75;71m⠒[38;2;70;64;61m⠶[38;2;79;73;70m⠤[7m[38;2;50;46;44m⠛[38;2;66;62;60m⠁[38;2;67;60;55m⠰[0m[38;2;83;77;73m⣀[38;2;64;58;56m⣀[0m   [38;2;63;62;62m⢸[38;2;65;60;59;48;2;72;65;61m⡂[0m[38;2;66;63;62m⠙[7m[38;2;55;52;49m⡀[38;2;74;67;62m⠈[38;2;56;52;49m⢑[38;2;44;41;40m⠒[38;2;53;49;46m⠒[38;2;43;41;38m⠒[38;2;47;44;42m⠛[38;2;53;49;46m⠛[38;2;60;56;53m⠉[38;2;56;52;49m⣀[38;2;60;57;55m⠤[0m[38;2;54;50;46;48;2;66;61;57m⢀[0m[7m[38;2;44;41;38m⣠[38;2;52;50;50m⡆[0m[38;2;70;65;65;48;2;67;59;53m⠁[0m     [38;2;74;70;69m⣈[38;2;65;63;64;48;2;71;66;63m⠄[0m[7m[38;2;62;57;52m⠙[0m[38;2;84;76;72m⡤[38;2;86;78;73m⠤[38;2;71;66;63m⠖[38;2;83;78;74m⠒[38;2;75;71;68m⠋[38;2;81;75;73m⠉[0m       [0m
            [7m[38;2;54;51;50m⠋[38;2;65;59;54m⢀[0m[38;2;77;70;66m⠁[0m [38;2;75;70;65m⠉[38;2;90;83;79m⠉[38;2;89;81;76m⠉[38;2;85;78;73m⠉[38;2;84;78;74m⠛[38;2;70;66;64m⠛[38;2;73;65;61;48;2;70;66;63m⢸[0m[7m[38;2;53;48;45m⢠[0m[38;2;79;72;68m⠒[38;2;69;65;63m⠛[7m[38;2;50;47;44m⣄[38;2;67;62;59m⠉[38;2;66;60;56m⠉[0m [38;2;62;58;55m⠻[7m[38;2;53;50;48m⡉[38;2;66;61;57m⠉[38;2;55;50;47m⢁[38;2;44;41;38m⣤[0m[38;2;79;72;68m⠒[38;2;84;76;71m⠒[7m[38;2;62;60;58m⡄[38;2;65;58;53m⢀[0m[38;2;65;60;57m⠛[38;2;74;70;67m⠋[38;2;79;74;70m⠉[38;2;78;72;68m⠉[38;2;85;79;75m⠉[38;2;58;55;52m⠉[0m [38;2;72;67;66m⠹[7m[38;2;73;66;61m⠈[0m[38;2;69;60;55m⡄[0m           [0m
          [38;2;61;59;58m⢀[7m[38;2;66;63;61m⠁[38;2;61;55;50m⢠[0m         [38;2;77;73;73;48;2;69;63;61m⠂[0m[38;2;81;72;66m⡇[0m   [38;2;61;58;57m⠈[38;2;72;67;63m⠙[7m[38;2;70;64;60m⠈[38;2;62;58;55m⠉[38;2;64;59;55m⢠[0m[38;2;65;58;54m⠉[0m    [38;2;59;57;58;48;2;69;65;62m⠁[0m[38;2;78;66;58m⡇[0m        [38;2;70;68;68m⠘[38;2;75;71;69;48;2;68;63;60m⠄[0m[7m[38;2;46;41;36m⠹[0m          [0m
         [38;2;57;55;54m⢀[7m[38;2;70;65;63m⠁[38;2;54;48;43m⢠[0m          [7m[38;2;56;54;53m⡄[38;2;67;59;53m⠘[0m  [38;2;68;65;65m⣀[7m[38;2;58;53;50m⠋[38;2;53;49;46m⣁[0m[38;2;75;68;63m⠋[38;2;74;68;65m⠉[38;2;68;64;61m⠻[7m[38;2;57;53;50m⡈[38;2;49;45;42m⠛[0m[38;2;81;72;67m⡀[0m [38;2;66;63;62m⢠[38;2;70;62;59;48;2;72;65;62m⠤[0m[38;2;75;68;64m⠃[0m         [38;2;65;63;62m⠘[38;2;74;72;71;48;2;72;66;62m⠄[0m[7m[38;2;48;43;38m⠹[0m         [0m
         [7m[38;2;58;55;54m⠃[38;2;60;53;49m⢠[0m           [38;2;63;61;61m⢸[38;2;64;60;56;48;2;70;65;60m⢀[0m[7m[38;2;56;52;49m⠋[38;2;54;50;47m⣁[0m[38;2;77;68;63m⠋[38;2;78;73;69m⠁[0m     [38;2;71;69;69m⠈[38;2;70;65;62m⠻[7m[38;2;60;55;52m⡈[38;2;64;60;57m⠁[38;2;68;61;55m⠠[0m           [38;2;67;66;66m⠸[38;2;76;70;66;48;2;72;65;61m⠁[0m[38;2;63;57;51m⡄[0m        [0m
         [38;2;69;60;56;48;2;72;66;63m⢀[0m[38;2;72;65;59m⡇[0m        [38;2;78;74;71m⢀[7m[38;2;49;46;44m⠛[38;2;54;50;47m⢉[0m[38;2;73;69;66m⠟[38;2;72;68;64;48;2;64;60;57m⢀[0m[7m[38;2;63;57;52m⠸[0m           [38;2;65;64;65;48;2;69;64;61m⠁[0m[7m[38;2;54;50;47m⢠[38;2;57;53;50m⣀[38;2;61;57;53m⠉[38;2;49;44;41m⠛[0m[38;2;73;66;62m⣀[0m        [38;2;77;73;72;48;2;70;65;63m⠁[0m[38;2;95;83;75m⡇[0m        [0m
         [38;2;71;68;67m⠹[7m[38;2;60;54;50m⡈[0m[38;2;76;68;64m⣄[38;2;84;75;70m⣀[38;2;82;73;69m⣀[38;2;82;74;70m⣀[38;2;76;71;69m⣤[38;2;74;67;64m⠴[38;2;73;67;63m⠶[38;2;81;75;71m⠛[38;2;84;78;74m⠉[0m   [38;2;65;63;63m⠸[38;2;67;61;56;48;2;71;66;63m⠃[0m[38;2;73;64;58m⡄[0m         [7m[38;2;50;48;47m⠇[38;2;65;58;53m⢀[0m   [38;2;71;69;67m⠉[38;2;81;73;70m⠛[7m[38;2;52;48;45m⣀[38;2;58;53;50m⡉[38;2;56;51;48m⠙[38;2;48;44;41m⠛[0m[38;2;79;71;67m⣀[38;2;80;71;67m⣀⣀[7m[38;2;58;54;52m⠋[38;2;57;52;48m⣠[0m[38;2;66;62;58m⠁[0m        [0m
                        [7m[38;2;50;47;46m⡄[38;2;70;63;58m⠈[0m[38;2;79;68;62m⡀[0m       [38;2;70;67;66m⢠[7m[38;2;69;62;59m⢀[0m[38;2;65;60;56m⠁[0m         [38;2;67;62;59m⠉[38;2;76;71;67m⠉[38;2;71;67;65m⠁[0m           [0m
                         [7m[38;2;51;49;47m⡄[38;2;71;64;59m⠈[0m[38;2;75;66;60m⡀[0m     [38;2;68;66;66m⣠[7m[38;2;66;60;55m⢀[0m[38;2;76;68;62m⠃[0m                        [0m
                          [38;2;71;68;66m⠙[38;2;79;73;70;48;2;69;63;60m⢀[0m[7m[38;2;50;45;41m⠙[0m[38;2;57;53;51m⡀[0m [38;2;77;73;71m⢀[7m[38;2;59;55;52m⠋[38;2;54;49;45m⣠[0m[38;2;61;56;51m⠁[0m                         [0m
                            [38;2;76;72;70m⠉[38;2;81;74;71m⠛[38;2;75;70;66m⠋[38;2;86;78;72m⠉[0m                            [0m
[?25h